function setup() {
  createCanvas(350, 350);
}

function draw() {
  background(150);
  stroke (5);
    
  fill (250, 100, 0);
  triangle (50, 95, 55, 50, 80, 75);
  
  triangle (120, 85, 100, 45, 85, 80);
  ellipse (90, 120, 100);
  
  fill (255)
  ellipse (75, 110, 20);
  ellipse (110, 110, 20);
  
  fill (0)
  ellipse (75, 110, 5);
  ellipse (110, 110, 5);
  
  fill (200, 50, 40)
  triangle(84, 135, 105, 135, 94, 115);
  
  fill (255, 0, 0);
  triangle (58, 81, 59, 61, 72, 73);
  triangle (110, 74, 101, 55, 96, 70);
  
  line(55, 120, 92, 130);
  line(55, 140, 92, 130);
  line(130, 140, 96, 130);
  line(130, 125, 96, 130);
  
  fill (0)
  curve(50, 76, 75, 150, 103, 154, 53, 130);
  
  fill (250, 75, 0)
  rect(170, 260, 25, 45);
  rect(130, 260, 25, 45);
  rect(140, 260, 25, 65);
  rect(180, 260, 25, 65);
  
  fill (250, 100, 0)
  ellipse (170, 200, 150);
  
  noStroke ()
  arc(230, 155, 90, 80, 100, HALF_PI);
  
  fill (250, 115, 0)
  quad(168, 168, 226, 190, 208, 193, 160, 210);
  quad(200, 200, 236, 200, 218, 193, 200, 200);
  quad(128, 161, 196, 170, 169, 153, 160, 186);
  quad(138, 256, 186, 210, 175, 263, 150, 200);
  triangle(120, 180, 115, 225, 145,190)
  triangle(210, 250, 185, 245, 235, 205)
  triangle(210, 205, 185, 243, 235, 204)
  
  stroke (0)
  point (257, 176)
  point (264, 167)
  point (267, 157)
  point (267, 147)
  
  stroke (5)
  noFill ()
  ellipse (300, 300, 25);
  ellipse (310, 310, 25);
  ellipse (310, 300, 25);

}
